668
-0.7777778 2.644445
-0.7777778 2.644445
-0.7777778 2.644445
-0.7777778 2.644445
-0.7333335 2.688889
-0.7333335 2.777778
-0.7333335 2.844445
-0.7333335 2.933333
-0.7333335 3.066667
-0.7333335 3.177778
-0.7555554 3.288889
-0.8444445 3.533334
-0.8666664 3.6
-0.9111112 3.666667
-0.977778 3.822222
-0.9999999 3.866667
-1.022222 3.911111
-1.066667 3.977778
-1.111111 4.044445
-1.155556 4.111111
-1.222222 4.177778
-1.266667 4.222222
-1.311111 4.288889
-1.355555 4.333333
-1.377778 4.355556
-1.4 4.355556
-1.444445 4.377778
-1.466666 4.377778
-1.488889 4.377778
-1.6 4.377778
-1.622222 4.377778
-1.666667 4.355556
-1.755556 4.288889
-1.822222 4.222222
-1.933334 4.133334
-2 4.066667
-2.066666 4
-2.088889 3.933333
-2.155556 3.755556
-2.177778 3.688889
-2.177778 3.622222
-2.177778 3.555555
-2.177778 3.444445
-2.177778 3.4
-2.177778 3.311111
-2.177778 3.222222
-2.177778 3.133333
-2.177778 3.022223
-2.177778 2.888889
-2.177778 2.711111
-2.177778 2.666667
-2.177778 2.644445
-2.177778 2.622222
-2.177778 2.622222
-2.177778 2.622222
-2.177778 2.622222
-2.177778 2.622222
-2.177778 2.622222
-2.177778 2.622222
-2.177778 2.622222
-2.177778 2.622222
-2.177778 2.622222
-2.177778 2.622222
-2.177778 2.622222
-2.177778 2.622222
-2.266667 2.622222
-2.355556 2.622222
-2.466667 2.622222
-2.555555 2.6
-2.666667 2.577777
-2.755556 2.511111
-2.866667 2.466667
-2.933333 2.422223
-3.044445 2.355555
-3.111111 2.311111
-3.2 2.266667
-3.244445 2.222222
-3.266666 2.222222
-3.266666 2.2
-3.266666 2.2
-3.266666 2.2
-3.266666 2.2
-3.266666 2.2
-3.266666 2.2
-3.266666 2.2
-3.266666 2.2
-3.266666 2.2
-3.288889 2.266667
-3.333333 2.333333
-3.377778 2.422223
-3.533334 2.644445
-3.6 2.688889
-3.666667 2.777778
-3.755555 2.866667
-3.933333 2.977778
-4 3.022223
-4.133334 3.066667
-4.266666 3.111111
-4.466667 3.177778
-4.644444 3.244445
-4.844445 3.266666
-5 3.288889
-5.111111 3.288889
-5.2 3.288889
-5.266666 3.288889
-5.355556 3.288889
-5.488889 3.222222
-5.533333 3.2
-5.555556 3.155556
-5.622222 3.111111
-5.644445 3.044444
-5.688889 2.977778
-5.688889 2.844445
-5.688889 2.755556
-5.688889 2.666667
-5.688889 2.577777
-5.688889 2.466667
-5.666667 2.377778
-5.622222 2.311111
-5.555556 2.244444
-5.533333 2.155555
-5.422222 2.088889
-5.355556 2.022222
-5.244444 1.955556
-5.177778 1.888889
-5.133333 1.822222
-5.088889 1.8
-5.022223 1.733333
-4.911111 1.644444
-4.777778 1.533333
-4.688889 1.444445
-4.644444 1.422222
-4.644444 1.422222
-4.644444 1.422222
-4.644444 1.422222
-4.644444 1.422222
-4.644444 1.422222
-4.644444 1.4
-4.644444 1.4
-4.644444 1.4
-4.644444 1.4
-4.644444 1.4
-4.644444 1.4
-4.644444 1.377778
-4.711111 1.311111
-4.8 1.2
-4.844445 1.111111
-4.866667 1.022222
-4.911111 0.9111112
-4.933334 0.777778
-4.933334 0.5777776
-4.955555 0.422222
-4.955555 0.2888888
-4.955555 0.1999998
-4.955555 0.177778
-4.955555 0.177778
-4.955555 0.177778
-4.955555 0.1555556
-4.955555 0.1555556
-4.955555 0.1555556
-4.955555 0.1555556
-4.955555 0.1555556
-4.955555 0.1555556
-4.955555 0.1555556
-4.955555 0.1555556
-4.955555 0.1555556
-5 0.1555556
-5.133333 0.1555556
-5.333333 0.1555556
-5.444445 0.1555556
-5.6 0.1555556
-5.755555 0.1555556
-5.888889 0.1333332
-6.022222 0.1111114
-6.177777 0.088889
-6.244444 0.0666666
-6.333333 0
-6.422223 -0.0444445
-6.488889 -0.1111111
-6.577778 -0.1777777
-6.622222 -0.2444443
-6.666667 -0.3333333
-6.688889 -0.4444444
-6.688889 -0.5333334
-6.688889 -0.6222221
-6.688889 -0.7111111
-6.688889 -0.8666667
-6.688889 -0.9777778
-6.666667 -1.066667
-6.666667 -1.111111
-6.622222 -1.155555
-6.555555 -1.2
-6.466666 -1.244445
-6.355556 -1.244445
-6.244444 -1.266667
-6.155556 -1.266667
-6 -1.266667
-5.866667 -1.266667
-5.644445 -1.288889
-5.466666 -1.311111
-5.355556 -1.333333
-5.355556 -1.333333
-5.333333 -1.333333
-5.288889 -1.333333
-5.266666 -1.333333
-5.266666 -1.333333
-5.266666 -1.333333
-5.266666 -1.333333
-5.266666 -1.333333
-5.266666 -1.333333
-5.266666 -1.333333
-5.266666 -1.333333
-5.266666 -1.333333
-5.266666 -1.333333
-5.266666 -1.333333
-5.222222 -1.422222
-5.2 -1.511111
-5.155556 -1.688889
-5.088889 -1.822222
-5 -1.955556
-4.888889 -2.088889
-4.777778 -2.222222
-4.688889 -2.266667
-4.666667 -2.288889
-4.644444 -2.288889
-4.644444 -2.288889
-4.644444 -2.288889
-4.622222 -2.311111
-4.622222 -2.311111
-4.622222 -2.311111
-4.622222 -2.311111
-4.622222 -2.311111
-4.622222 -2.311111
-4.622222 -2.311111
-4.622222 -2.311111
-4.622222 -2.311111
-4.622222 -2.311111
-4.644444 -2.333333
-4.711111 -2.422222
-4.777778 -2.511111
-4.866667 -2.6
-4.977777 -2.711111
-5.066667 -2.8
-5.177778 -2.911111
-5.222222 -2.977778
-5.288889 -3.066667
-5.311111 -3.133333
-5.377778 -3.222222
-5.4 -3.311111
-5.4 -3.577778
-5.4 -3.644444
-5.4 -3.8
-5.4 -3.888889
-5.333333 -4.066667
-5.333333 -4.111111
-5.266666 -4.155556
-5.222222 -4.2
-5.222222 -4.2
-5.044444 -4.2
-4.933334 -4.2
-4.822222 -4.2
-4.688889 -4.2
-4.555555 -4.177778
-4.511111 -4.133333
-4.466667 -4.066667
-4.422222 -3.977778
-4.377778 -3.933333
-4.333333 -3.844445
-4.288889 -3.777778
-4.266666 -3.688889
-4.244444 -3.644444
-4.244444 -3.622222
-4.244444 -3.6
-4.244444 -3.6
-4.244444 -3.6
-4.244444 -3.6
-4.244444 -3.6
-4.244444 -3.6
-4.244444 -3.6
-4.244444 -3.6
-4.244444 -3.6
-4.244444 -3.6
-4.244444 -3.6
-4.244444 -3.6
-4.222222 -3.6
-4.222222 -3.644444
-4.222222 -3.666667
-4.222222 -3.688889
-4.222222 -3.688889
-4.222222 -3.688889
-4.222222 -3.688889
-4.222222 -3.688889
-4.222222 -3.688889
-4.222222 -3.688889
-4.222222 -3.688889
-4.222222 -3.688889
-4.222222 -3.688889
-4.222222 -3.688889
-4.222222 -3.688889
-4.2 -3.688889
-4.133334 -3.755555
-4.066667 -3.8
-3.977777 -3.866667
-3.888889 -3.911111
-3.755555 -3.977778
-3.511111 -4.066667
-3.266666 -4.155556
-3.066667 -4.2
-3.044445 -4.2
-3.044445 -4.2
-3.044445 -4.2
-3.044445 -4.2
-3.044445 -4.2
-3.044445 -4.2
-3.044445 -4.2
-3.044445 -4.2
-3.044445 -4.2
-3.044445 -4.2
-3.044445 -4.2
-3.044445 -4.2
-3.044445 -4.2
-3.044445 -4.2
-3.044445 -4.2
-3.044445 -4.2
-3.044445 -4.2
-3.044445 -4.2
-2.955555 -4.311111
-2.866667 -4.4
-2.777777 -4.488889
-2.666667 -4.577778
-2.577778 -4.644444
-2.533334 -4.666667
-2.488889 -4.688889
-2.4 -4.733333
-2.311111 -4.777778
-2.2 -4.8
-2.088889 -4.822222
-2.022222 -4.844444
-1.955555 -4.866667
-1.888889 -4.888889
-1.822222 -4.888889
-1.755556 -4.888889
-1.733333 -4.888889
-1.688889 -4.866667
-1.644444 -4.822222
-1.6 -4.777778
-1.488889 -4.622222
-1.466666 -4.6
-1.422222 -4.533333
-1.377778 -4.488889
-1.377778 -4.444445
-1.355555 -4.377778
-1.355555 -4.311111
-1.333333 -4.244444
-1.333333 -4.177778
-1.333333 -4.133333
-1.333333 -4.088889
-1.333333 -4.066667
-1.333333 -4.066667
-1.333333 -4.044445
-1.333333 -4
-1.333333 -4
-1.333333 -4
-1.333333 -4
-1.333333 -4
-1.333333 -4
-1.333333 -4
-1.333333 -4
-1.333333 -4
-1.333333 -4
-1.333333 -4
-1.333333 -4
-1.333333 -4
-1.333333 -4
-1.333333 -4
-1.333333 -4
-1.333333 -4
-1.333333 -4
-1.333333 -4
-1.333333 -4
-1.333333 -4
-1.333333 -4
-1.333333 -3.977778
-1.222222 -3.977778
-1.133333 -3.977778
-0.9999999 -4.022222
-0.8444445 -4.044445
-0.7111111 -4.066667
-0.5777776 -4.088889
-0.4222223 -4.111111
-0.2666669 -4.111111
0.02222188 -4.111111
0.1111116 -4.111111
0.2000002 -4.111111
0.244444 -4.111111
0.2888888 -4.066667
0.3333336 -4.044445
0.3333336 -4.044445
0.3333336 -4.022222
0.3555555 -4
0.3555555 -3.977778
0.3555555 -3.977778
0.3777774 -3.955555
0.3777774 -3.955555
0.3777774 -3.955555
0.3777774 -3.955555
0.3777774 -3.955555
0.3777774 -3.955555
0.3777774 -3.955555
0.3777774 -3.955555
0.3777774 -3.955555
0.3777774 -3.955555
0.3777774 -3.955555
0.3777774 -3.955555
0.4000004 -3.955555
0.5111109 -4
0.5999995 -4.044445
1.022222 -4.2
1.088889 -4.222222
1.111111 -4.222222
1.177778 -4.266667
1.288889 -4.311111
1.466667 -4.377778
1.666667 -4.422222
1.866666 -4.466667
2.066666 -4.511111
2.088888 -4.511111
2.155555 -4.511111
2.222222 -4.511111
2.288888 -4.511111
2.355555 -4.466667
2.422222 -4.4
2.488889 -4.355556
2.533334 -4.288889
2.555555 -4.244444
2.577777 -4.177778
2.577777 -4.133333
2.577777 -4.088889
2.577777 -4.044445
2.577777 -4
2.555555 -3.933333
2.511111 -3.866667
2.444445 -3.8
2.377778 -3.733333
2.311111 -3.666667
2.266667 -3.622222
2.2 -3.577778
2.133333 -3.533334
2.044445 -3.488889
1.933333 -3.444445
1.822222 -3.377778
1.733333 -3.355556
1.711111 -3.311111
1.644444 -3.288889
1.6 -3.266666
1.555556 -3.244444
1.466667 -3.244444
1.4 -3.2
1.4 -3.2
1.4 -3.2
1.4 -3.2
1.4 -3.2
1.4 -3.2
1.4 -3.2
1.4 -3.2
1.4 -3.2
1.4 -3.2
1.4 -3.2
1.4 -3.2
1.4 -3.2
1.4 -3.177778
1.466667 -3.155556
1.555556 -3.111111
1.644444 -3.066667
1.733333 -3
1.822222 -2.911111
1.888889 -2.844445
1.933333 -2.733333
1.955556 -2.6
1.977778 -2.511111
1.977778 -2.444444
1.977778 -2.355556
2 -2.266667
2 -2.177778
2 -2.088889
2 -2.022222
2.022223 -1.933333
2.022223 -1.911111
2.022223 -1.888889
2.022223 -1.888889
2.022223 -1.888889
2.022223 -1.888889
2.022223 -1.888889
2.022223 -1.888889
2.022223 -1.888889
2.022223 -1.888889
2.022223 -1.888889
2.022223 -1.888889
2.022223 -1.888889
2.022223 -1.888889
2.022223 -1.888889
2.022223 -1.888889
2.066666 -1.866667
2.111111 -1.866667
2.2 -1.866667
2.311111 -1.844445
2.422222 -1.844445
2.511111 -1.844445
2.644444 -1.844445
2.711111 -1.844445
2.755556 -1.844445
2.8 -1.844445
2.866666 -1.844445
2.911111 -1.822222
2.977778 -1.777778
3.044445 -1.755556
3.066666 -1.733333
3.133333 -1.688889
3.2 -1.644444
3.244445 -1.6
3.311111 -1.533333
3.377778 -1.422222
3.444445 -1.311111
3.511111 -1.2
3.511111 -1.111111
3.533334 -0.9777778
3.555555 -0.8000001
3.555555 -0.6444445
3.555555 -0.5333334
3.555555 -0.4222223
3.533334 -0.3333333
3.444445 -0.1777777
3.444445 -0.1333332
3.422222 -0.1333332
3.355555 -0.0666666
3.333333 -0.0666666
3.266666 -0.0444445
3.111111 0.0222224
3.022223 0.0222224
2.933333 0.0666666
2.777777 0.088889
2.622222 0.1333332
2.533334 0.1333332
2.488889 0.1333332
2.444445 0.1333332
2.4 0.1333332
2.377778 0.1333332
2.355555 0.1333332
2.333333 0.1333332
2.333333 0.1333332
2.333333 0.1333332
2.333333 0.1333332
2.333333 0.1333332
2.333333 0.1333332
2.333333 0.1333332
2.333333 0.1333332
2.333333 0.1333332
2.333333 0.1333332
2.333333 0.1333332
2.333333 0.1333332
2.333333 0.1333332
2.333333 0.1333332
2.311111 0.177778
2.288888 0.2888888
2.244445 0.422222
2.177778 0.5555558
2.111111 0.7111108
2.044445 0.8222222
1.977778 0.9111112
1.911111 1.022222
1.866666 1.088889
1.822222 1.133333
1.8 1.177778
1.755556 1.2
1.733333 1.222222
1.711111 1.222222
1.688889 1.222222
1.666667 1.244444
1.666667 1.244444
1.666667 1.244444
1.666667 1.244444
1.666667 1.244444
1.666667 1.244444
1.666667 1.244444
1.666667 1.244444
1.666667 1.244444
1.666667 1.244444
1.666667 1.244444
1.666667 1.244444
1.666667 1.288889
1.711111 1.355556
1.8 1.466666
1.888889 1.622222
2 1.777778
2.111111 2
2.2 2.177778
2.288888 2.355555
2.377778 2.622222
2.466667 2.911111
2.533334 3.288889
2.533334 3.577778
2.555555 3.844444
2.555555 4.066667
2.555555 4.244444
2.533334 4.355556
2.488889 4.466667
2.444445 4.533333
2.422222 4.555555
2.355555 4.6
2.266667 4.622222
2.111111 4.622222
1.888889 4.644444
1.688889 4.644444
1.488889 4.644444
1.311112 4.644444
1.133333 4.622222
0.977778 4.577778
0.8444445 4.533333
0.7333329 4.488889
0.6444443 4.4
0.5555557 4.311111
0.4666671 4.2
0.3777774 4.066667
0.2666669 3.933333
0.2000002 3.777778
0.1333335 3.622222
0.08888862 3.444445
0.02222188 3.266666
-0.02222242 3.177778
-0.06666673 3.088889
-0.111111 3.022223
-0.1555553 2.933333
-0.1555553 2.866667
-0.1777778 2.822222
-0.1777778 2.8
-0.1777778 2.8
-0.1777778 2.8
-0.1777778 2.8
-0.1777778 2.8
-0.1777778 2.8
-0.1777778 2.8
-0.1777778 2.8
-0.1777778 2.8
-0.2000002 2.777778
-0.2000002 2.777778
-0.2000002 2.777778
-0.2000002 2.777778
-0.2000002 2.777778
-0.2000002 2.777778
-0.2000002 2.777778
-0.2000002 2.777778
-0.2000002 2.777778
-0.2222221 2.777778
-0.2444445 2.755556
-0.2888888 2.755556
-0.3333331 2.755556
-0.3555555 2.733333
-0.3999998 2.711111
-0.3999998 2.711111
-0.4222223 2.688889
-0.488889 2.688889
-0.5333333 2.666667
-0.6 2.644445
-0.6666667 2.622222
-0.6666667 2.622222
-0.6666667 2.622222
-0.6666667 2.622222
-0.6666667 2.622222
